  -76.625542    36.041798   0.000661
  -76.622213    36.041843   0.000661
  -76.635417    36.036255   0.001148
  -76.632089    36.036300   0.001148
  -76.494296    35.791984   0.000402
  -76.474383    35.792230   0.001057
  -76.467745    35.792311   0.001644
  -76.447832    35.792553   0.000920
  -76.444513    35.792593   0.000973
  -76.427919    35.792791   0.000661
  -76.421281    35.792870   0.001028
  -76.417962    35.792909   0.001028
  -76.507520    35.789115   0.000895
  -76.504201    35.789156   0.000305
  -76.500883    35.789198   0.000281
  -76.427870    35.790087   0.000545
  -76.421233    35.790166   0.000946
  -76.507469    35.786411   0.000244
  -76.504150    35.786452   0.000149
  -76.494195    35.786576   0.000113
  -76.490876    35.786618   0.000113
  -76.484239    35.786700   0.000437
  -76.474283    35.786822   0.001247
  -76.470965    35.786863   0.001247
  -76.467646    35.786903   0.001000
  -76.427822    35.787383   0.000871
  -76.500781    35.783790   0.000643
  -76.477552    35.784078   0.000802
  -76.457641    35.784321   0.001028
  -76.434411    35.784600   0.000718
  -76.514003    35.780919   0.000608
  -76.500730    35.781086   0.000625
  -76.474183    35.781414   0.000824
  -76.470865    35.781455   0.000847
  -76.460910    35.781576   0.000920
  -76.417770    35.782093   0.000738
  -76.414451    35.782132   0.000895
  -76.411133    35.782171   0.001148
  -76.407814    35.782210   0.002168
  -76.520588    35.778132   0.001180
  -76.517270    35.778174   0.001180
  -76.513952    35.778216   0.000679
  -76.503997    35.778340   0.000780
  -76.500679    35.778382   0.000780
  -76.497361    35.778423   0.000847
  -76.487406    35.778547   0.000560
  -76.477452    35.778670   0.000895
  -76.474133    35.778710   0.001028
  -76.470815    35.778751   0.000824
  -76.464178    35.778832   0.000802
  -76.454224    35.778953   0.000718
  -76.450905    35.778993   0.000871
  -76.430995    35.779231   0.000515
  -76.424359    35.779310   0.000871
  -76.520537    35.775428   0.001318
  -76.517219    35.775470   0.000871
  -76.513901    35.775512   0.000871
  -76.503946    35.775636   0.000575
  -76.500628    35.775678   0.000920
  -76.493992    35.775761   0.000661
  -76.464129    35.776128   0.001117
  -76.460811    35.776168   0.000973
  -76.424310    35.776606   0.000738
  -76.411037    35.776763   0.000545
  -76.520485    35.772724   0.001282
  -76.517167    35.772766   0.000802
  -76.513849    35.772808   0.000679
  -76.510531    35.772849   0.000679
  -76.487306    35.773139   0.000545
  -76.434217    35.773784   0.000718
  -76.417626    35.773981   0.000920
  -76.404353    35.774136   0.002051
  -76.520434    35.770020   0.001600
  -76.517116    35.770062   0.000946
  -76.513798    35.770104   0.000847
  -76.464030    35.770720   0.000759
  -76.447440    35.770921   0.000802
  -76.444122    35.770961   0.000643
  -76.414260    35.771316   0.001213
  -76.404306    35.771432   0.001282
  -76.513747    35.767400   0.000973
  -76.510429    35.767441   0.000698
  -76.497158    35.767607   0.000643
  -76.477251    35.767854   0.000759
  -76.473934    35.767894   0.000802
  -76.427484    35.768455   0.000679
  -76.424166    35.768494   0.000679
  -76.513696    35.764696   0.001432
  -76.510378    35.764738   0.000847
  -76.503743    35.764821   0.000802
  -76.500425    35.764862   0.000802
  -76.493790    35.764945   0.000718
  -76.490472    35.764986   0.000946
  -76.487155    35.765027   0.001086
  -76.483837    35.765068   0.000871
  -76.480519    35.765109   0.000871
  -76.477201    35.765150   0.000824
  -76.470566    35.765231   0.000847
  -76.453977    35.765433   0.000661
  -76.444024    35.765553   0.000802
  -76.440706    35.765592   0.000802
  -76.430753    35.765711   0.000698
  -76.414164    35.765907   0.000946
  -76.510327    35.762034   0.001000
  -76.507009    35.762075   0.001117
  -76.503692    35.762117   0.001086
  -76.493739    35.762241   0.000920
  -76.490422    35.762282   0.000780
  -76.483787    35.762364   0.000895
  -76.424069    35.763086   0.001086
  -76.414116    35.763203   0.001057
  -76.410798    35.763242   0.000759
  -76.510276    35.759330   0.002355
  -76.506958    35.759371   0.001086
  -76.503641    35.759413   0.001180
  -76.497006    35.759496   0.000946
  -76.493689    35.759537   0.000946
  -76.490371    35.759578   0.000824
  -76.480419    35.759701   0.000824
  -76.470467    35.759823   0.001086
  -76.467149    35.759863   0.000847
  -76.463832    35.759904   0.000643
  -76.450561    35.760065   0.000802
  -76.447244    35.760105   0.000698
  -76.440609    35.760184   0.000738
  -76.420704    35.760421   0.000871
  -76.503590    35.756709   0.001432
  -76.493638    35.756833   0.001514
  -76.490321    35.756874   0.001148
  -76.483686    35.756956   0.000946
  -76.480369    35.756997   0.001148
  -76.477051    35.757038   0.001247
  -76.467099    35.757159   0.001086
  -76.453830    35.757321   0.000718
  -76.450512    35.757361   0.000718
  -76.443878    35.757441   0.000780
  -76.437243    35.757520   0.000780
  -76.423973    35.757678   0.001028
  -75.995972    35.761984   0.000331
  -76.503539    35.754005   0.002704
  -76.490270    35.754170   0.001282
  -76.486953    35.754211   0.001282
  -76.480319    35.754293   0.000847
  -76.470367    35.754415   0.000802
  -76.467050    35.754455   0.000802
  -76.450463    35.754657   0.000920
  -76.437194    35.754816   0.000824
  -76.480269    35.751589   0.000946
  -76.473634    35.751670   0.001472
  -76.460366    35.751832   0.000738
  -76.457049    35.751872   0.000643
  -76.447097    35.751993   0.001057
  -76.443780    35.752032   0.001057
  -76.440463    35.752072   0.000698
  -76.437145    35.752112   0.000592
  -76.433828    35.752152   0.000698
  -75.992587    35.756602   0.000661
  -76.490170    35.748762   0.002421
  -76.473585    35.748966   0.001472
  -76.470267    35.749007   0.001247
  -76.460316    35.749128   0.000679
  -76.450365    35.749249   0.000973
  -76.430463    35.749487   0.000920
  -76.413877    35.749683   0.001213
  -76.476852    35.746222   0.001282
  -76.466901    35.746343   0.001282
  -76.463584    35.746384   0.001148
  -76.460267    35.746424   0.000802
  -76.456950    35.746464   0.000802
  -76.443682    35.746624   0.000946
  -76.430414    35.746783   0.000895
  -76.423780    35.746862   0.001086
  -76.463534    35.743680   0.001213
  -76.456901    35.743760   0.001432
  -76.453584    35.743801   0.001432
  -76.437000    35.744000   0.001148
  -76.433683    35.744039   0.000718
  -76.440268    35.741256   0.001086
  -76.436951    35.741296   0.001318
  -76.420367    35.741493   0.002630
  -75.995703    35.740348   0.000231
  -76.045426    35.737221   0.000391
  -75.998986    35.737616   0.001148
  -75.995669    35.737643   0.001148
  -76.048707    35.734488   0.000895
  -76.042073    35.734546   0.000098
  -76.048672    35.731784   0.001028
  -76.025454    35.731984   0.000088
  -75.998918    35.732207   0.000920
  -76.048636    35.729079   0.000661
  -76.045284    35.726403   0.000225
  -76.048566    35.723670   0.000331
  -76.055127    35.718203   0.000738
  -76.048495    35.718261   0.000101
  -76.002032    35.715952   0.000824
  -76.055056    35.712794   0.000488
  -76.058336    35.710061   0.000679
  -76.051669    35.707414   0.000207
  -76.048353    35.707443   0.000207
  -76.028458    35.707615   0.000113
  -76.048318    35.704739   0.000575
  -76.018476    35.704995   0.000219
  -76.015160    35.705023   0.000219
  -76.008528    35.705079   0.000258
  -76.044967    35.702063   0.000171
  -76.008494    35.702374   0.000305
  -76.041616    35.699388   0.000116
  -76.018407    35.699586   0.000137
  -76.011776    35.699642   0.000207
  -76.011742    35.696938   0.000244
  -76.011707    35.694233   0.000501
  -76.008324    35.688852   0.000474
  -76.034775    35.683218   0.000185
  -76.014851    35.680683   0.000093
  -76.021447    35.677922   0.000219
  -76.018132    35.677950   0.000219
  -76.014817    35.677978   0.000281
  -76.011503    35.678006   0.000350
  -76.008188    35.678034   0.001472
  -76.037985    35.675076   0.001738
  -76.031321    35.672428   0.000171
  -76.021378    35.672513   0.000288
  -76.018063    35.672541   0.000474
  -76.018029    35.669837   0.000161
  -76.031182    35.661610   0.000191
  -76.021240    35.661695   0.000213
  -76.021171    35.656286   0.000643
  -76.034356    35.650764   0.000110
  -75.887989    35.600540   0.000185
  -76.135811    35.560592   0.012359
  -76.129192    35.560654   0.012359
  -76.125882    35.560685   0.014588
  -76.122572    35.560716   0.014588
  -76.139082    35.557856   0.012359
  -76.135773    35.557887   0.011376
  -76.132463    35.557919   0.011066
  -76.129154    35.557950   0.010765
  -76.125844    35.557981   0.010471
  -76.122534    35.558011   0.010471
  -76.119225    35.558042   0.011066
  -76.145663    35.555089   0.013062
  -76.142354    35.555120   0.011376
  -76.139044    35.555152   0.011695
  -76.135735    35.555183   0.011695
  -76.132425    35.555214   0.011066
  -76.129116    35.555245   0.011066
  -76.125806    35.555276   0.010765
  -76.122497    35.555307   0.010765
  -76.119187    35.555338   0.010765
  -76.115878    35.555368   0.010765
  -76.112568    35.555399   0.010765
  -76.109259    35.555429   0.014191
  -76.145625    35.552385   0.010471
  -76.142315    35.552416   0.011066
  -76.139006    35.552447   0.011695
  -76.135697    35.552479   0.010471
  -76.132387    35.552510   0.011376
  -76.129078    35.552541   0.010765
  -76.125768    35.552572   0.010765
  -76.122459    35.552602   0.011376
  -76.119150    35.552633   0.010765
  -76.115840    35.552664   0.010765
  -76.112531    35.552695   0.011066
  -76.109221    35.552725   0.011695
  -76.105912    35.552755   0.011695
  -76.155514    35.549585   0.012023
  -76.152205    35.549617   0.012023
  -76.148895    35.549649   0.011066
  -76.145586    35.549680   0.009376
  -76.142277    35.549712   0.010471
  -76.138968    35.549743   0.011695
  -76.135658    35.549774   0.011066
  -76.132349    35.549805   0.010765
  -76.129040    35.549836   0.010765
  -76.125731    35.549867   0.011066
  -76.122421    35.549898   0.011066
  -76.119112    35.549929   0.010765
  -76.115803    35.549959   0.010765
  -76.112494    35.549990   0.010471
  -76.109184    35.550021   0.010765
  -76.155475    35.546881   0.011695
  -76.152166    35.546913   0.010186
  -76.148857    35.546944   0.009908
  -76.145548    35.546976   0.008872
  -76.142239    35.547007   0.008872
  -76.138929    35.547038   0.009638
  -76.135620    35.547070   0.009908
  -76.132311    35.547101   0.010765
  -76.129002    35.547132   0.010471
  -76.125693    35.547163   0.011066
  -76.122384    35.547194   0.011066
  -76.119074    35.547224   0.011066
  -76.115765    35.547255   0.011066
  -76.112456    35.547286   0.011066
  -76.109147    35.547316   0.011066
  -76.105838    35.547346   0.011695
  -76.155436    35.544177   0.011066
  -76.152127    35.544208   0.010471
  -76.148818    35.544240   0.009376
  -76.145509    35.544271   0.009120
  -76.142200    35.544303   0.009120
  -76.138891    35.544334   0.008872
  -76.135582    35.544365   0.009638
  -76.132273    35.544396   0.010186
  -76.128964    35.544427   0.010765
  -76.125655    35.544458   0.010765
  -76.122346    35.544489   0.010765
  -76.119037    35.544520   0.010765
  -76.115728    35.544551   0.011066
  -76.112419    35.544581   0.011066
  -76.109110    35.544612   0.011066
  -76.105801    35.544642   0.010765
  -76.102492    35.544672   0.010471
  -76.099183    35.544702   0.011376
  -76.095873    35.544733   0.015849
  -76.092564    35.544763   0.015849
  -76.158706    35.541440   0.011066
  -76.155397    35.541472   0.010186
  -76.152089    35.541504   0.010186
  -76.148780    35.541535   0.009120
  -76.145471    35.541567   0.008395
  -76.142162    35.541598   0.009120
  -76.138853    35.541629   0.009120
  -76.135544    35.541661   0.009908
  -76.132235    35.541692   0.010186
  -76.128926    35.541723   0.010765
  -76.125617    35.541754   0.011066
  -76.122308    35.541785   0.010765
  -76.118999    35.541815   0.011376
  -76.115690    35.541846   0.011066
  -76.112381    35.541877   0.011066
  -76.109072    35.541907   0.011376
  -76.105764    35.541937   0.011066
  -76.102455    35.541968   0.010471
  -76.099146    35.541998   0.010471
  -76.095837    35.542028   0.010186
  -76.092528    35.542058   0.012359
  -76.089219    35.542088   0.012359
  -76.585450    35.533880   0.000090
  -76.168594    35.538640   0.009908
  -76.165285    35.538672   0.008872
  -76.161976    35.538704   0.009120
  -76.158667    35.538736   0.009120
  -76.155359    35.538768   0.008872
  -76.152050    35.538799   0.009120
  -76.148741    35.538831   0.009908
  -76.145432    35.538862   0.009376
  -76.142123    35.538894   0.009638
  -76.138815    35.538925   0.009638
  -76.135506    35.538956   0.009638
  -76.132197    35.538987   0.011066
  -76.128888    35.539018   0.011066
  -76.125579    35.539049   0.010765
  -76.122271    35.539080   0.011376
  -76.118962    35.539111   0.010471
  -76.115653    35.539142   0.010765
  -76.112344    35.539172   0.011376
  -76.109035    35.539203   0.011376
  -76.105726    35.539233   0.011066
  -76.102418    35.539263   0.010765
  -76.099109    35.539293   0.010471
  -76.095800    35.539324   0.010186
  -76.092491    35.539354   0.010186
  -76.089182    35.539384   0.011066
  -76.605244    35.530913   0.000530
  -76.191715    35.535709   0.013062
  -76.188406    35.535742   0.011376
  -76.185098    35.535774   0.011376
  -76.181789    35.535807   0.010186
  -76.178480    35.535839   0.013804
  -76.175172    35.535871   0.011066
  -76.171863    35.535904   0.010471
  -76.168554    35.535936   0.009638
  -76.165246    35.535968   0.009376
  -76.161937    35.536000   0.007943
  -76.158628    35.536031   0.007943
  -76.155320    35.536063   0.007943
  -76.152011    35.536095   0.008630
  -76.148702    35.536126   0.009120
  -76.145394    35.536158   0.009638
  -76.142085    35.536189   0.010186
  -76.138776    35.536221   0.009376
  -76.135468    35.536252   0.010471
  -76.132159    35.536283   0.010765
  -76.128850    35.536314   0.010765
  -76.125542    35.536345   0.010765
  -76.122233    35.536376   0.010765
  -76.118924    35.536406   0.010765
  -76.115615    35.536437   0.010765
  -76.112307    35.536468   0.011376
  -76.108998    35.536498   0.010765
  -76.105689    35.536529   0.010765
  -76.102381    35.536559   0.010765
  -76.099072    35.536589   0.010471
  -76.095763    35.536619   0.010186
  -76.092454    35.536649   0.009908
  -76.089146    35.536679   0.010471
  -76.290927    35.531983   0.011695
  -76.281002    35.532089   0.009120
  -76.277694    35.532124   0.010765
  -76.274386    35.532159   0.009908
  -76.264460    35.532263   0.007943
  -76.261152    35.532298   0.008395
  -76.201600    35.532906   0.010186
  -76.198292    35.532939   0.010186
  -76.194983    35.532972   0.010471
  -76.191675    35.533005   0.008872
  -76.188366    35.533037   0.010471
  -76.185058    35.533070   0.010186
  -76.181749    35.533102   0.009908
  -76.178441    35.533135   0.010186
  -76.175132    35.533167   0.010186
  -76.171824    35.533199   0.009638
  -76.168515    35.533231   0.008872
  -76.165207    35.533263   0.008395
  -76.161898    35.533295   0.008630
  -76.158590    35.533327   0.007943
  -76.155281    35.533359   0.008395
  -76.151972    35.533390   0.009120
  -76.148664    35.533422   0.009120
  -76.145355    35.533453   0.009376
  -76.142047    35.533485   0.009120
  -76.138738    35.533516   0.009120
  -76.135430    35.533547   0.010186
  -76.132121    35.533578   0.011066
  -76.128812    35.533609   0.010765
  -76.125504    35.533640   0.010765
  -76.122195    35.533671   0.010765
  -76.118887    35.533702   0.010471
  -76.115578    35.533733   0.010471
  -76.112269    35.533763   0.010765
  -76.108961    35.533794   0.011066
  -76.105652    35.533824   0.011066
  -76.102344    35.533854   0.010765
  -76.099035    35.533885   0.010765
  -76.095726    35.533915   0.011066
  -76.092418    35.533945   0.010765
  -76.089109    35.533975   0.010186
  -76.085800    35.534004   0.009908
  -76.297500    35.529208   0.010186
  -76.294192    35.529243   0.009120
  -76.284267    35.529349   0.009638
  -76.280959    35.529384   0.008872
  -76.277651    35.529420   0.009376
  -76.274343    35.529455   0.009638
  -76.271034    35.529490   0.009120
  -76.261110    35.529594   0.008395
  -76.257801    35.529628   0.008395
  -76.247877    35.529731   0.007727
  -76.214793    35.530069   0.011376
  -76.211485    35.530102   0.008872
  -76.208177    35.530136   0.011376
  -76.204868    35.530169   0.009376
  -76.201560    35.530202   0.010186
  -76.198252    35.530235   0.009638
  -76.194943    35.530267   0.008166
  -76.191635    35.530300   0.008395
  -76.188326    35.530333   0.008630
  -76.185018    35.530365   0.009638
  -76.181710    35.530398   0.009638
  -76.178401    35.530430   0.010186
  -76.175093    35.530463   0.008872
  -76.171784    35.530495   0.008395
  -76.168476    35.530527   0.008395
  -76.165168    35.530559   0.008395
  -76.161859    35.530591   0.008166
  -76.158551    35.530623   0.008166
  -76.155242    35.530654   0.007516
  -76.151934    35.530686   0.008166
  -76.148625    35.530718   0.009376
  -76.145317    35.530749   0.009376
  -76.142008    35.530780   0.009908
  -76.138700    35.530812   0.009120
  -76.135392    35.530843   0.010186
  -76.132083    35.530874   0.012023
  -76.128775    35.530905   0.011066
  -76.125466    35.530936   0.011066
  -76.122158    35.530967   0.011066
  -76.118849    35.530997   0.011066
  -76.115541    35.531028   0.010765
  -76.112232    35.531059   0.010186
  -76.108924    35.531089   0.010765
  -76.105615    35.531120   0.010765
  -76.102307    35.531150   0.010471
  -76.098998    35.531180   0.010765
  -76.095689    35.531210   0.010765
  -76.092381    35.531240   0.010765
  -76.089072    35.531270   0.010471
  -76.085764    35.531300   0.010186
  -76.082455    35.531330   0.009120
  -76.297457    35.526503   0.010186
  -76.294149    35.526539   0.009908
  -76.290841    35.526574   0.009376
  -76.287532    35.526610   0.008630
  -76.284224    35.526645   0.009120
  -76.280916    35.526680   0.008872
  -76.277608    35.526715   0.009120
  -76.274300    35.526750   0.009120
  -76.270992    35.526785   0.008630
  -76.267684    35.526820   0.008395
  -76.264376    35.526855   0.008166
  -76.261067    35.526889   0.008166
  -76.257759    35.526924   0.009376
  -76.254451    35.526958   0.009120
  -76.247835    35.527027   0.007943
  -76.244527    35.527061   0.007311
  -76.241218    35.527095   0.007516
  -76.218061    35.527331   0.008166
  -76.214753    35.527365   0.008166
  -76.211444    35.527398   0.008166
  -76.208136    35.527431   0.008395
  -76.204828    35.527464   0.009120
  -76.201520    35.527497   0.008630
  -76.198211    35.527530   0.008872
  -76.188287    35.527628   0.010186
  -76.184978    35.527661   0.010186
  -76.181670    35.527693   0.010765
  -76.178362    35.527726   0.009120
  -76.175053    35.527758   0.008872
  -76.171745    35.527790   0.007943
  -76.168437    35.527822   0.008166
  -76.165128    35.527854   0.008166
  -76.161820    35.527886   0.007727
  -76.158512    35.527918   0.007727
  -76.155204    35.527950   0.008395
  -76.151895    35.527982   0.008166
  -76.148587    35.528013   0.009120
  -76.145278    35.528045   0.008872
  -76.141970    35.528076   0.008872
  -76.138662    35.528107   0.009376
  -76.135353    35.528138   0.010471
  -76.132045    35.528170   0.011376
  -76.128737    35.528201   0.011066
  -76.125428    35.528231   0.011066
  -76.122120    35.528262   0.010765
  -76.118812    35.528293   0.010765
  -76.115503    35.528324   0.010471
  -76.112195    35.528354   0.011066
  -76.108886    35.528385   0.011066
  -76.105578    35.528415   0.011066
  -76.102270    35.528445   0.011066
  -76.098961    35.528476   0.011066
  -76.095653    35.528506   0.011376
  -76.092344    35.528536   0.011066
  -76.089036    35.528566   0.011066
  -76.085727    35.528595   0.010186
  -76.082419    35.528625   0.009908
  -76.079111    35.528655   0.009376
  -76.307337    35.523692   0.009638
  -76.304029    35.523728   0.009638
  -76.300721    35.523763   0.013804
  -76.297413    35.523799   0.011376
  -76.294105    35.523835   0.010765
  -76.290797    35.523870   0.010471
  -76.287489    35.523905   0.009638
  -76.284181    35.523941   0.009120
  -76.280873    35.523976   0.009120
  -76.277565    35.524011   0.008872
  -76.274257    35.524046   0.008630
  -76.270949    35.524081   0.009376
  -76.267641    35.524116   0.008395
  -76.264333    35.524150   0.009376
  -76.261025    35.524185   0.009908
  -76.257717    35.524220   0.009908
  -76.254409    35.524254   0.009638
  -76.251101    35.524288   0.008630
  -76.247793    35.524323   0.007112
  -76.244485    35.524357   0.008166
  -76.241177    35.524391   0.008395
  -76.237869    35.524425   0.007112
  -76.234561    35.524459   0.007112
  -76.208096    35.524727   0.007311
  -76.204787    35.524760   0.007112
  -76.201479    35.524793   0.007516
  -76.198171    35.524826   0.007727
  -76.194863    35.524859   0.009376
  -76.191555    35.524891   0.008630
  -76.188247    35.524924   0.011066
  -76.184939    35.524957   0.011066
  -76.181630    35.524989   0.012023
  -76.178322    35.525021   0.009120
  -76.175014    35.525054   0.008630
  -76.171706    35.525086   0.007943
  -76.168398    35.525118   0.008166
  -76.165089    35.525150   0.007516
  -76.161781    35.525182   0.007727
  -76.158473    35.525214   0.008395
  -76.155165    35.525245   0.007943
  -76.151857    35.525277   0.007727
  -76.148548    35.525309   0.008630
  -76.145240    35.525340   0.008395
  -76.141932    35.525371   0.009120
  -76.138624    35.525403   0.010186
  -76.135315    35.525434   0.010186
  -76.132007    35.525465   0.010471
  -76.128699    35.525496   0.011066
  -76.125391    35.525527   0.011066
  -76.122082    35.525558   0.010471
  -76.118774    35.525589   0.010765
  -76.115466    35.525619   0.010765
  -76.112157    35.525650   0.011066
  -76.108849    35.525680   0.011066
  -76.105541    35.525711   0.010765
  -76.102233    35.525741   0.011376
  -76.098924    35.525771   0.011066
  -76.095616    35.525801   0.011376
  -76.092308    35.525831   0.011066
  -76.088999    35.525861   0.011066
  -76.085691    35.525891   0.010765
  -76.082383    35.525921   0.010186
  -76.079074    35.525950   0.008395
  -76.075766    35.525980   0.012359
  -76.303985    35.521023   0.008166
  -76.300678    35.521059   0.010186
  -76.297370    35.521095   0.010186
  -76.294062    35.521130   0.010186
  -76.290754    35.521166   0.009638
  -76.287446    35.521201   0.009638
  -76.284138    35.521236   0.009376
  -76.280830    35.521272   0.008395
  -76.277522    35.521307   0.006546
  -76.274214    35.521342   0.006546
  -76.270907    35.521377   0.008630
  -76.267599    35.521411   0.007943
  -76.264291    35.521446   0.009638
  -76.260983    35.521481   0.009638
  -76.257675    35.521515   0.009376
  -76.254367    35.521550   0.009376
  -76.251059    35.521584   0.009376
  -76.247751    35.521618   0.007516
  -76.244443    35.521652   0.007943
  -76.241135    35.521687   0.008166
  -76.237827    35.521721   0.007112
  -76.234519    35.521754   0.007516
  -76.194823    35.522154   0.007943
  -76.191515    35.522187   0.007943
  -76.188207    35.522220   0.010186
  -76.184899    35.522252   0.011066
  -76.181591    35.522285   0.011066
  -76.178283    35.522317   0.010765
  -76.174975    35.522349   0.009638
  -76.171666    35.522381   0.008630
  -76.168358    35.522414   0.009376
  -76.161742    35.522477   0.007943
  -76.158434    35.522509   0.007727
  -76.155126    35.522541   0.007727
  -76.151818    35.522573   0.007727
  -76.148510    35.522604   0.007516
  -76.145202    35.522636   0.008395
  -76.141894    35.522667   0.008395
  -76.138585    35.522698   0.008872
  -76.135277    35.522729   0.009908
  -76.131969    35.522761   0.010186
  -76.128661    35.522792   0.010471
  -76.125353    35.522822   0.011376
  -76.122045    35.522853   0.010765
  -76.118736    35.522884   0.010765
  -76.115428    35.522915   0.011376
  -76.112120    35.522945   0.011066
  -76.108812    35.522976   0.010471
  -76.105504    35.523006   0.010471
  -76.102196    35.523036   0.010765
  -76.098887    35.523067   0.011066
  -76.095579    35.523097   0.011066
  -76.092271    35.523127   0.011066
  -76.088963    35.523157   0.011066
  -76.085655    35.523186   0.009908
  -76.082346    35.523216   0.009376
  -76.079038    35.523246   0.009376
  -76.075730    35.523275   0.010186
  -76.300634    35.518355   0.008872
  -76.297326    35.518390   0.009638
  -76.294018    35.518426   0.009638
  -76.290711    35.518461   0.009120
  -76.287403    35.518497   0.009120
  -76.284095    35.518532   0.009120
  -76.280787    35.518567   0.007727
  -76.277480    35.518602   0.006730
  -76.274172    35.518637   0.007943
  -76.270864    35.518672   0.007943
  -76.267556    35.518707   0.008395
  -76.264248    35.518742   0.008395
  -76.260940    35.518776   0.008395
  -76.257633    35.518811   0.009376
  -76.254325    35.518845   0.009638
  -76.251017    35.518880   0.008395
  -76.247709    35.518914   0.008395
  -76.244401    35.518948   0.007516
  -76.241093    35.518982   0.006546
  -76.237786    35.519016   0.008166
  -76.234478    35.519050   0.006918
  -76.194783    35.519450   0.008395
  -76.191475    35.519483   0.009120
  -76.188167    35.519515   0.008630
  -76.184859    35.519548   0.008166
  -76.181551    35.519580   0.010765
  -76.178243    35.519613   0.011376
  -76.174935    35.519645   0.011376
  -76.171627    35.519677   0.011376
  -76.168319    35.519709   0.010765
  -76.165011    35.519741   0.009120
  -76.158395    35.519805   0.008166
  -76.155087    35.519837   0.009120
  -76.151779    35.519868   0.009120
  -76.145163    35.519931   0.009376
  -76.141855    35.519963   0.008872
  -76.138547    35.519994   0.009908
  -76.135239    35.520025   0.009120
  -76.131931    35.520056   0.009638
  -76.128623    35.520087   0.009120
  -76.125315    35.520118   0.009120
  -76.122007    35.520149   0.010471
  -76.118699    35.520180   0.010471
  -76.115391    35.520210   0.010765
  -76.112083    35.520241   0.010765
  -76.108775    35.520271   0.010765
  -76.105467    35.520302   0.011066
  -76.102159    35.520332   0.010765
  -76.098851    35.520362   0.011066
  -76.095542    35.520392   0.010765
  -76.092234    35.520422   0.010765
  -76.088926    35.520452   0.010471
  -76.085618    35.520482   0.010765
  -76.082310    35.520512   0.010186
  -76.079002    35.520541   0.009376
  -76.075694    35.520571   0.009376
  -76.303898    35.515615   0.011066
  -76.293975    35.515722   0.009638
  -76.290667    35.515757   0.009638
  -76.287360    35.515792   0.009908
  -76.284052    35.515828   0.009120
  -76.280744    35.515863   0.007943
  -76.277437    35.515898   0.008395
  -76.274129    35.515933   0.009120
  -76.270821    35.515968   0.008166
  -76.267514    35.516003   0.008166
  -76.264206    35.516037   0.008872
  -76.260898    35.516072   0.009120
  -76.257590    35.516107   0.009638
  -76.254283    35.516141   0.009638
  -76.250975    35.516175   0.009376
  -76.247667    35.516210   0.008872
  -76.244360    35.516244   0.008872
  -76.241052    35.516278   0.007727
  -76.237744    35.516312   0.007943
  -76.234436    35.516346   0.007311
  -76.191435    35.516778   0.009120
  -76.188127    35.516811   0.008872
  -76.184819    35.516843   0.008395
  -76.181511    35.516876   0.009908
  -76.178204    35.516908   0.012706
  -76.174896    35.516940   0.012359
  -76.171588    35.516973   0.012359
  -76.168280    35.517005   0.012023
  -76.164972    35.517037   0.010186
  -76.161664    35.517069   0.008630
  -76.158356    35.517100   0.009908
  -76.155048    35.517132   0.010471
  -76.151741    35.517164   0.010765
  -76.148433    35.517195   0.009376
  -76.145125    35.517227   0.010186
  -76.141817    35.517258   0.010186
  -76.138509    35.517289   0.009908
  -76.135201    35.517321   0.010471
  -76.131893    35.517352   0.008166
  -76.128585    35.517383   0.008872
  -76.125277    35.517414   0.009638
  -76.121969    35.517444   0.009638
  -76.118661    35.517475   0.011066
  -76.115353    35.517506   0.011066
  -76.112046    35.517536   0.010471
  -76.108738    35.517567   0.010765
  -76.105430    35.517597   0.010765
  -76.102122    35.517627   0.011066
  -76.098814    35.517658   0.010765
  -76.095506    35.517688   0.010765
  -76.092198    35.517718   0.010765
  -76.088890    35.517748   0.011066
  -76.085582    35.517777   0.010765
  -76.082274    35.517807   0.010471
  -76.078966    35.517837   0.010186
  -76.075658    35.517866   0.009638
  -76.072350    35.517896   0.009376
  -76.545287    35.510059   0.001355
  -76.541980    35.510101   0.001355
  -76.313777    35.512803   0.010471
  -76.310469    35.512839   0.010471
  -76.307162    35.512875   0.010471
  -76.303854    35.512911   0.011376
  -76.290624    35.513053   0.011066
  -76.287317    35.513088   0.011066
  -76.284009    35.513123   0.008872
  -76.280701    35.513159   0.008166
  -76.277394    35.513194   0.008872
  -76.274086    35.513229   0.008630
  -76.270779    35.513264   0.008395
  -76.267471    35.513298   0.008630
  -76.264163    35.513333   0.008630
  -76.260856    35.513368   0.009638
  -76.257548    35.513402   0.009908
  -76.254241    35.513437   0.010765
  -76.250933    35.513471   0.009908
  -76.247625    35.513505   0.009120
  -76.244318    35.513539   0.009120
  -76.241010    35.513573   0.009120
  -76.237703    35.513607   0.007727
  -76.204626    35.513942   0.008166
  -76.194703    35.514041   0.008630
  -76.191395    35.514074   0.008395
  -76.188087    35.514106   0.007516
  -76.184780    35.514139   0.007516
  -76.181472    35.514171   0.007516
  -76.178164    35.514204   0.011066
  -76.174856    35.514236   0.012359
  -76.171549    35.514268   0.012023
  -76.168241    35.514300   0.012023
  -76.164933    35.514332   0.012359
  -76.161625    35.514364   0.009908
  -76.158318    35.514396   0.010765
  -76.155010    35.514428   0.010765
  -76.151702    35.514459   0.011695
  -76.148394    35.514491   0.010471
  -76.145086    35.514522   0.010471
  -76.141779    35.514554   0.010471
  -76.138471    35.514585   0.010765
  -76.135163    35.514616   0.011066
  -76.131855    35.514647   0.009376
  -76.128547    35.514678   0.008395
  -76.125240    35.514709   0.009120
  -76.121932    35.514740   0.010765
  -76.118624    35.514771   0.011376
  -76.115316    35.514801   0.011066
  -76.112008    35.514832   0.011066
  -76.108700    35.514862   0.010765
  -76.105393    35.514893   0.010186
  -76.102085    35.514923   0.010765
  -76.098777    35.514953   0.010765
  -76.095469    35.514983   0.010765
  -76.092161    35.515013   0.010765
  -76.088853    35.515043   0.010765
  -76.085545    35.515073   0.009908
  -76.082237    35.515103   0.010765
  -76.078930    35.515132   0.010186
  -76.075622    35.515162   0.010471
  -76.072314    35.515191   0.010471
  -76.310425    35.510135   0.010471
  -76.307118    35.510170   0.010471
  -76.303811    35.510206   0.010471
  -76.290581    35.510348   0.011376
  -76.287273    35.510384   0.010471
  -76.283966    35.510419   0.007727
  -76.280658    35.510454   0.007727
  -76.277351    35.510489   0.007727
  -76.274044    35.510524   0.007112
  -76.270736    35.510559   0.008395
  -76.267429    35.510594   0.007112
  -76.264121    35.510629   0.009376
  -76.260814    35.510663   0.010186
  -76.257506    35.510698   0.010186
  -76.254199    35.510732   0.010471
  -76.250891    35.510767   0.009376
  -76.247584    35.510801   0.008630
  -76.244276    35.510835   0.009120
  -76.240969    35.510869   0.008166
  -76.201278    35.511271   0.009376
  -76.197970    35.511304   0.008166
  -76.194663    35.511337   0.008166
  -76.191355    35.511369   0.006546
  -76.188047    35.511402   0.006546
  -76.178125    35.511499   0.008166
  -76.174817    35.511532   0.009908
  -76.171509    35.511564   0.012023
  -76.168202    35.511596   0.012706
  -76.164894    35.511628   0.012023
  -76.161586    35.511660   0.011376
  -76.158279    35.511691   0.012359
  -76.154971    35.511723   0.011066
  -76.151663    35.511755   0.010765
  -76.148356    35.511786   0.010471
  -76.145048    35.511818   0.011376
  -76.141740    35.511849   0.010765
  -76.138433    35.511880   0.010765
  -76.135125    35.511912   0.011066
  -76.131817    35.511943   0.010765
  -76.128510    35.511974   0.010186
  -76.125202    35.512005   0.009638
  -76.121894    35.512035   0.009908
  -76.118586    35.512066   0.010765
  -76.115279    35.512097   0.011066
  -76.111971    35.512127   0.011066
  -76.108663    35.512158   0.010765
  -76.105355    35.512188   0.011066
  -76.102048    35.512218   0.010471
  -76.098740    35.512249   0.010471
  -76.095432    35.512279   0.010471
  -76.092124    35.512309   0.010186
  -76.088817    35.512338   0.010471
  -76.085509    35.512368   0.010471
  -76.082201    35.512398   0.010471
  -76.078893    35.512428   0.010765
  -76.075586    35.512457   0.011066
  -76.313689    35.507394   0.011066
  -76.310381    35.507430   0.009908
  -76.307074    35.507466   0.010186
  -76.303767    35.507502   0.010186
  -76.293845    35.507609   0.014191
  -76.290538    35.507644   0.010765
  -76.287230    35.507680   0.010765
  -76.283923    35.507715   0.009376
  -76.280615    35.507750   0.009638
  -76.277308    35.507785   0.009638
  -76.274001    35.507820   0.009120
  -76.270693    35.507855   0.007311
  -76.267386    35.507890   0.007311
  -76.264079    35.507924   0.007943
  -76.260771    35.507959   0.008872
  -76.257464    35.507993   0.009908
  -76.254157    35.508028   0.009376
  -76.250849    35.508062   0.008395
  -76.247542    35.508097   0.008166
  -76.244234    35.508131   0.007943
  -76.240927    35.508165   0.007516
  -76.237619    35.508199   0.008166
  -76.234312    35.508233   0.007516
  -76.231005    35.508266   0.007516
  -76.201238    35.508567   0.009376
  -76.197930    35.508599   0.006730
  -76.174778    35.508827   0.007311
  -76.171470    35.508859   0.009120
  -76.168162    35.508891   0.009120
  -76.164855    35.508923   0.009908
  -76.161547    35.508955   0.011066
  -76.158240    35.508987   0.011066
  -76.154932    35.509019   0.010186
  -76.151625    35.509050   0.010765
  -76.148317    35.509082   0.010765
  -76.145010    35.509113   0.011376
  -76.141702    35.509145   0.010765
  -76.138394    35.509176   0.011376
  -76.135087    35.509207   0.010765
  -76.131779    35.509238   0.011066
  -76.128472    35.509269   0.010471
  -76.125164    35.509300   0.009120
  -76.121856    35.509331   0.009638
  -76.118549    35.509362   0.010765
  -76.115241    35.509392   0.011376
  -76.111934    35.509423   0.011066
  -76.108626    35.509453   0.011066
  -76.105318    35.509484   0.011376
  -76.102011    35.509514   0.010765
  -76.098703    35.509544   0.010471
  -76.095395    35.509574   0.009908
  -76.092088    35.509604   0.010765
  -76.088780    35.509634   0.011066
  -76.085473    35.509664   0.010765
  -76.082165    35.509694   0.010765
  -76.078857    35.509723   0.011695
  -76.075550    35.509753   0.012706
  -76.310337    35.504726   0.010471
  -76.307030    35.504762   0.010186
  -76.303723    35.504798   0.010186
  -76.300416    35.504833   0.010765
  -76.297109    35.504869   0.010765
  -76.293801    35.504904   0.011376
  -76.290494    35.504940   0.010765
  -76.287187    35.504975   0.011066
  -76.283880    35.505010   0.011066
  -76.280573    35.505046   0.010765
  -76.277265    35.505081   0.010765
  -76.273958    35.505116   0.010765
  -76.270651    35.505151   0.008630
  -76.267344    35.505185   0.008630
  -76.264036    35.505220   0.009376
  -76.260729    35.505255   0.009638
  -76.257422    35.505289   0.009908
  -76.254114    35.505324   0.009120
  -76.250807    35.505358   0.009120
  -76.247500    35.505392   0.008166
  -76.244193    35.505426   0.007727
  -76.240885    35.505460   0.007516
  -76.237578    35.505494   0.007727
  -76.234271    35.505528   0.007727
  -76.230963    35.505562   0.008630
  -76.227656    35.505596   0.008630
  -76.204505    35.505829   0.008395
  -76.201197    35.505862   0.008395
  -76.168123    35.506187   0.006546
  -76.164816    35.506219   0.006730
  -76.161508    35.506251   0.009638
  -76.158201    35.506283   0.009638
  -76.154894    35.506314   0.010186
  -76.151586    35.506346   0.010186
  -76.148279    35.506377   0.009638
  -76.144971    35.506409   0.010186
  -76.141664    35.506440   0.011376
  -76.138356    35.506471   0.011376
  -76.135049    35.506503   0.011376
  -76.131741    35.506534   0.011066
  -76.128434    35.506565   0.011066
  -76.125126    35.506596   0.010186
  -76.121819    35.506626   0.010186
  -76.118511    35.506657   0.010471
  -76.115204    35.506688   0.010471
  -76.111896    35.506718   0.010765
  -76.108589    35.506749   0.010186
  -76.105281    35.506779   0.010471
  -76.101974    35.506809   0.010471
  -76.098666    35.506840   0.010186
  -76.095359    35.506870   0.010186
  -76.092051    35.506900   0.010186
  -76.088744    35.506929   0.010186
  -76.085436    35.506959   0.010765
  -76.082129    35.506989   0.010765
  -76.310294    35.502022   0.011066
  -76.306986    35.502058   0.009908
  -76.303679    35.502093   0.009908
  -76.300372    35.502129   0.010186
  -76.297065    35.502165   0.010186
  -76.293758    35.502200   0.009638
  -76.290451    35.502236   0.009638
  -76.287144    35.502271   0.009908
  -76.283837    35.502306   0.010186
  -76.280530    35.502341   0.010471
  -76.277222    35.502376   0.010186
  -76.273915    35.502411   0.009908
  -76.270608    35.502446   0.010186
  -76.267301    35.502481   0.009638
  -76.263994    35.502516   0.009908
  -76.260687    35.502550   0.009376
  -76.257380    35.502585   0.009908
  -76.254072    35.502619   0.009638
  -76.250765    35.502654   0.009120
  -76.247458    35.502688   0.008395
  -76.244151    35.502722   0.008395
  -76.240844    35.502756   0.007943
  -76.237537    35.502790   0.007727
  -76.234229    35.502824   0.007943
  -76.230922    35.502858   0.008166
  -76.227615    35.502891   0.007727
  -76.161469    35.503546   0.007516
  -76.158162    35.503578   0.007943
  -76.154855    35.503610   0.009376
  -76.151547    35.503641   0.009376
  -76.148240    35.503673   0.008872
  -76.144933    35.503704   0.009120
  -76.141625    35.503736   0.010471
  -76.138318    35.503767   0.011376
  -76.135011    35.503798   0.011066
  -76.131703    35.503829   0.010765
  -76.128396    35.503860   0.010765
  -76.125089    35.503891   0.010471
  -76.121781    35.503922   0.010471
  -76.118474    35.503953   0.010186
  -76.115166    35.503983   0.009376
  -76.111859    35.504014   0.010765
  -76.108552    35.504044   0.010186
  -76.105244    35.504075   0.010186
  -76.101937    35.504105   0.010471
  -76.098629    35.504135   0.010471
  -76.095322    35.504165   0.010765
  -76.092015    35.504195   0.010186
  -76.088707    35.504225   0.010765
  -76.085400    35.504255   0.010765
  -76.082092    35.504284   0.011695
  -76.078785    35.504314   0.011066
  -76.075477    35.504344   0.010471
  -76.072170    35.504373   0.010471
  -76.313557    35.499281   0.012706
  -76.310250    35.499317   0.012706
  -76.306943    35.499353   0.009908
  -76.303636    35.499389   0.009376
  -76.300329    35.499425   0.008872
  -76.297022    35.499460   0.008630
  -76.293715    35.499496   0.009638
  -76.290408    35.499531   0.009120
  -76.287101    35.499567   0.009120
  -76.283794    35.499602   0.009638
  -76.280487    35.499637   0.010471
  -76.277180    35.499672   0.009908
  -76.273873    35.499707   0.009908
  -76.270566    35.499742   0.009376
  -76.267259    35.499777   0.009376
  -76.263952    35.499811   0.009376
  -76.260645    35.499846   0.009376
  -76.257337    35.499880   0.010186
  -76.254030    35.499915   0.009638
  -76.250723    35.499949   0.009638
  -76.247416    35.499983   0.008872
  -76.244109    35.500018   0.008166
  -76.240802    35.500052   0.008166
  -76.237495    35.500086   0.007727
  -76.234188    35.500119   0.007727
  -76.230881    35.500153   0.007112
  -76.227574    35.500187   0.007516
  -76.177967    35.500682   0.008166
  -76.174659    35.500714   0.008630
  -76.171352    35.500746   0.008872
  -76.168045    35.500778   0.008872
  -76.164738    35.500810   0.008872
  -76.154816    35.500905   0.009908
  -76.151509    35.500937   0.008395
  -76.148202    35.500969   0.009638
  -76.144894    35.501000   0.009638
  -76.141587    35.501031   0.010765
  -76.138280    35.501063   0.012023
  -76.134973    35.501094   0.011376
  -76.131665    35.501125   0.011066
  -76.128358    35.501156   0.010765
  -76.125051    35.501187   0.010765
  -76.121744    35.501217   0.010471
  -76.118436    35.501248   0.010471
  -76.115129    35.501279   0.010186
  -76.111822    35.501309   0.009908
  -76.108514    35.501340   0.010186
  -76.105207    35.501370   0.010186
  -76.101900    35.501400   0.009638
  -76.098593    35.501430   0.010186
  -76.095285    35.501461   0.009638
  -76.091978    35.501491   0.009638
  -76.088671    35.501520   0.010765
  -76.085363    35.501550   0.010765
  -76.082056    35.501580   0.011376
  -76.078749    35.501610   0.011376
  -76.075441    35.501639   0.009908
  -76.310206    35.496613   0.011376
  -76.306899    35.496649   0.011376
  -76.303592    35.496685   0.009120
  -76.300285    35.496720   0.009120
  -76.296978    35.496756   0.008395
  -76.293671    35.496791   0.008630
  -76.290364    35.496827   0.009638
  -76.283751    35.496897   0.009908
  -76.280444    35.496933   0.011066
  -76.277137    35.496968   0.011695
  -76.273830    35.497003   0.011695
  -76.270523    35.497037   0.010471
  -76.267216    35.497072   0.009376
  -76.263909    35.497107   0.009908
  -76.260602    35.497142   0.009908
  -76.257295    35.497176   0.010765
  -76.253988    35.497210   0.010471
  -76.250681    35.497245   0.009908
  -76.247374    35.497279   0.008872
  -76.244067    35.497313   0.008630
  -76.240761    35.497347   0.008166
  -76.237454    35.497381   0.007727
  -76.234147    35.497415   0.007311
  -76.230840    35.497449   0.006368
  -76.224226    35.497516   0.007727
  -76.220919    35.497550   0.007112
  -76.177927    35.497977   0.008630
  -76.174620    35.498009   0.007727
  -76.171313    35.498042   0.008166
  -76.168006    35.498074   0.009908
  -76.164699    35.498106   0.009908
  -76.154777    35.498201   0.007943
  -76.151470    35.498233   0.007112
  -76.148163    35.498264   0.007943
  -76.144856    35.498295   0.008630
  -76.141549    35.498327   0.009908
  -76.138242    35.498358   0.009908
  -76.134935    35.498389   0.010765
  -76.131627    35.498420   0.011376
  -76.128320    35.498451   0.011066
  -76.125013    35.498482   0.011066
  -76.121706    35.498513   0.010765
  -76.118399    35.498544   0.009908
  -76.115092    35.498574   0.010186
  -76.111785    35.498605   0.010471
  -76.108477    35.498635   0.010186
  -76.105170    35.498666   0.010186
  -76.101863    35.498696   0.009908
  -76.098556    35.498726   0.010186
  -76.095249    35.498756   0.010186
  -76.091941    35.498786   0.009908
  -76.088634    35.498816   0.009908
  -76.085327    35.498846   0.011066
  -76.082020    35.498875   0.011376
  -76.078712    35.498905   0.010765
  -76.310162    35.493909   0.014191
  -76.306855    35.493945   0.009908
  -76.303548    35.493980   0.009908
  -76.300242    35.494016   0.009120
  -76.296935    35.494052   0.009638
  -76.293628    35.494087   0.008166
  -76.290321    35.494123   0.008872
  -76.270480    35.494333   0.011376
  -76.267174    35.494368   0.009908
  -76.263867    35.494403   0.009908
  -76.260560    35.494437   0.009908
  -76.257253    35.494472   0.009908
  -76.253946    35.494506   0.010471
  -76.250639    35.494540   0.009376
  -76.247333    35.494575   0.009376
  -76.244026    35.494609   0.008872
  -76.240719    35.494643   0.008630
  -76.237412    35.494677   0.007516
  -76.167967    35.495369   0.009638
  -76.164660    35.495401   0.007943
  -76.161353    35.495433   0.007516
  -76.158046    35.495465   0.007516
  -76.154739    35.495496   0.007311
  -76.151432    35.495528   0.006368
  -76.148125    35.495560   0.007112
  -76.144818    35.495591   0.006730
  -76.141511    35.495622   0.008395
  -76.138204    35.495654   0.008166
  -76.134897    35.495685   0.008166
  -76.131590    35.495716   0.010186
  -76.128283    35.495747   0.009908
  -76.124975    35.495778   0.011066
  -76.121668    35.495808   0.009908
  -76.118361    35.495839   0.008166
  -76.115054    35.495870   0.010186
  -76.111747    35.495900   0.009376
  -76.108440    35.495931   0.009376
  -76.105133    35.495961   0.008630
  -76.101826    35.495991   0.009908
  -76.098519    35.496021   0.010765
  -76.095212    35.496052   0.010471
  -76.091905    35.496082   0.010186
  -76.088598    35.496111   0.009376
  -76.085291    35.496141   0.010186
  -76.081983    35.496171   0.010186
  -76.078676    35.496201   0.009638
  -76.306811    35.491240   0.014588
  -76.303505    35.491276   0.010471
  -76.300198    35.491312   0.009376
  -76.296891    35.491347   0.009376
  -76.293585    35.491383   0.008166
  -76.290278    35.491418   0.009120
  -76.267131    35.491664   0.009908
  -76.263824    35.491698   0.009638
  -76.260518    35.491733   0.010186
  -76.257211    35.491767   0.009638
  -76.253904    35.491802   0.010471
  -76.250598    35.491836   0.010471
  -76.247291    35.491870   0.009638
  -76.243984    35.491904   0.008395
  -76.240677    35.491939   0.007943
  -76.237371    35.491972   0.008166
  -76.234064    35.492006   0.007516
  -76.167928    35.492665   0.006918
  -76.164621    35.492697   0.006026
  -76.161314    35.492729   0.007112
  -76.158007    35.492760   0.007727
  -76.154700    35.492792   0.007727
  -76.151393    35.492824   0.006026
  -76.148086    35.492855   0.006730
  -76.144779    35.492887   0.007112
  -76.141472    35.492918   0.007516
  -76.138165    35.492949   0.006546
  -76.134859    35.492980   0.006546
  -76.131552    35.493011   0.006918
  -76.128245    35.493042   0.006918
  -76.124938    35.493073   0.008630
  -76.121631    35.493104   0.008630
  -76.118324    35.493135   0.006730
  -76.115017    35.493165   0.009376
  -76.111710    35.493196   0.007727
  -76.108403    35.493226   0.006918
  -76.105096    35.493257   0.006918
  -76.101789    35.493287   0.009638
  -76.091868    35.493377   0.009638
  -76.088561    35.493407   0.009376
  -76.085254    35.493437   0.010471
  -76.081947    35.493466   0.008630
  -76.078640    35.493496   0.008630
  -76.303461    35.488572   0.011066
  -76.300154    35.488607   0.009908
  -76.296848    35.488643   0.008630
  -76.293541    35.488679   0.008630
  -76.290235    35.488714   0.009638
  -76.286928    35.488749   0.011066
  -76.263782    35.488994   0.008630
  -76.260476    35.489028   0.008630
  -76.257169    35.489063   0.008395
  -76.253862    35.489097   0.009376
  -76.250556    35.489132   0.009638
  -76.247249    35.489166   0.009638
  -76.243942    35.489200   0.007727
  -76.240636    35.489234   0.007516
  -76.237329    35.489268   0.007727
  -76.230716    35.489336   0.008166
  -76.157968    35.490056   0.006918
  -76.154661    35.490088   0.006546
  -76.151355    35.490119   0.006546
  -76.141434    35.490213   0.005861
  -76.138127    35.490245   0.006918
  -76.134821    35.490276   0.006194
  -76.128207    35.490338   0.006730
  -76.124900    35.490369   0.006730
  -76.121593    35.490399   0.006194
  -76.118286    35.490430   0.006918
  -76.114980    35.490461   0.007112
  -76.111673    35.490491   0.007311
  -76.108366    35.490522   0.007311
  -76.105059    35.490552   0.006546
  -76.101752    35.490582   0.007727
  -76.098445    35.490612   0.007727
  -76.085218    35.490732   0.009120
  -76.303417    35.485867   0.011066
  -76.300111    35.485903   0.009908
  -76.296804    35.485939   0.009120
  -76.293498    35.485974   0.008630
  -76.290192    35.486010   0.008630
  -76.286885    35.486045   0.008630
  -76.253820    35.486393   0.006918
  -76.250514    35.486427   0.008630
  -76.247207    35.486462   0.008166
  -76.243901    35.486496   0.008166
  -76.240594    35.486530   0.007112
  -76.237288    35.486564   0.007727
  -76.233981    35.486598   0.007516
  -76.230675    35.486631   0.008166
  -76.148009    35.487446   0.007112
  -76.138089    35.487540   0.005248
  -76.134782    35.487571   0.006730
  -76.131476    35.487602   0.006026
  -76.128169    35.487633   0.005395
  -76.124862    35.487664   0.005861
  -76.121556    35.487695   0.006546
  -76.118249    35.487726   0.006546
  -76.114942    35.487756   0.006194
  -76.111635    35.487787   0.006730
  -76.105022    35.487848   0.007112
  -76.101715    35.487878   0.007112
  -76.098408    35.487908   0.007112
  -76.095102    35.487938   0.007112
  -76.303374    35.483163   0.012023
  -76.300067    35.483199   0.009376
  -76.296761    35.483234   0.009376
  -76.293455    35.483270   0.011066
  -76.273617    35.483481   0.009376
  -76.250472    35.483723   0.007112
  -76.247165    35.483757   0.007516
  -76.243859    35.483791   0.007112
  -76.237246    35.483859   0.007943
  -76.233940    35.483893   0.007112
  -76.230633    35.483927   0.007311
  -76.227327    35.483961   0.007516
  -76.151277    35.484710   0.007516
  -76.147971    35.484742   0.007112
  -76.144664    35.484773   0.006194
  -76.141358    35.484804   0.006194
  -76.114905    35.485052   0.005861
  -76.101678    35.485173   0.007311
  -76.300024    35.480494   0.010765
  -76.296717    35.480530   0.012706
  -76.270268    35.480811   0.010765
  -76.223979    35.481290   0.007727
  -76.154545    35.481974   0.006730
  -76.151239    35.482006   0.007727
  -76.147932    35.482037   0.007727
  -76.144626    35.482069   0.007516
  -76.299980    35.477790   0.015849
  -76.260307    35.478211   0.009120
  -76.240470    35.478417   0.007311
  -76.151200    35.479301   0.008166
  -76.144588    35.479364   0.007112
  -76.266876    35.475437   0.009638
  -76.263570    35.475472   0.009638
  -76.260264    35.475507   0.011376
  -76.256958    35.475541   0.013804
  -76.243734    35.475678   0.009120
  -76.240428    35.475712   0.008166
  -76.270140    35.472698   0.010186
  -76.266834    35.472733   0.009638
  -76.260222    35.472802   0.012359
  -76.256916    35.472837   0.012706
  -76.253610    35.472871   0.012706
  -76.250304    35.472905   0.011376
  -76.246998    35.472940   0.008872
  -76.243692    35.472974   0.008872
  -76.240386    35.473008   0.007727
  -76.253568    35.470167   0.011695
  -76.250262    35.470201   0.010186
  -76.246957    35.470235   0.010186
  -76.243651    35.470269   0.009120
  -76.240345    35.470303   0.009120
  -76.237039    35.470337   0.008395
  -76.253526    35.467462   0.012359
  -76.250221    35.467497   0.010471
  -76.246915    35.467531   0.009376
  -76.243609    35.467565   0.008872
  -76.236998    35.467633   0.007727
  -76.246873    35.464827   0.010471
  -76.243567    35.464861   0.009638
  -76.243526    35.462156   0.009376
  -76.240220    35.462190   0.008166
  -76.236873    35.459520   0.007727
  -76.226957    35.459621   0.009638
  -76.223652    35.459655   0.008872
  -76.749638    35.323353   0.009638
  -76.746339    35.323401   0.009638
  -76.749580    35.320649   0.008630
  -76.524825    35.302055   0.001028
  -76.537201    35.258622   0.007727
